"strain" "sex" "age" "litter" "littersize" "femalelitterratio" "cage" "tag" "nosesniff" "bodysniff" "anogenitalsniff" "pawing" "walkingpassive" "notwalkingpassive" "inactive" "rear" "selfgroom" "bigdig" "na" "sniff" "passivepawing" "nonsocial" "chambtime" "chambpref" "champrefchange" "snifftime" "sniffpref" "sniffprefchange" "stimfollowtest" "testfollowstim" "mousewtadj" "brainwt" "ccarea" "ccindex" "ccindexdiv"
"1" "balb/cj" "male" 30 "b15" 11 0.231584117486712 1 21567 1.98399537824567 6.34878520871959 1.19039722670932 0 2.38079445341865 7.53918243542892 0 18.6495565557474 5.15838798201027 5.15838798201027 29.3631315961313 9.52317781367459 9.91997688884757 28.9663325126256 186.892364593364 33.3311223478611 2.38079445341865 47.615889068373 33.3311223478611 29.7599306677331 15.4751639472212 36.902314027989 26.0816032372013 0.57198586743383 1.04439500685343 1.23424480264961 "cc1"
"2" "balb/cj" "male" 30 "b15" 15 0.324393834618894 1 21568 1.42349311416932 5.9786710783154 0 0.569397245838546 1.138794490823 5.12457520998463 0 9.67975317156843 3.13168485083086 3.13168485083086 26.7616705381839 7.40216419248472 6.83276694664617 15.9431228783547 175.089653007808 116.157038092985 109.324271146339 79.4309157547618 66.6194777298002 67.0465256639656 21.3523967082693 85.4095868330772 17.5431291355141 0.40578094704395 0.73688829231974 0.845084058552595 "cc1"
"3" "c57bl6/j" "male" 30 "c12" 12 0.8242957218726 2 41352 4.17402273842011 4.47216721989555 0.596288962503668 0 0.745361203464998 5.96288962503668 0 6.70825082984333 2.38515585046189 0.447216721989555 7.60268427382244 9.2424789226082 6.70825082984333 9.54062340095312 102.412629335608 80.9462266801095 75.8032343772296 41.5911551450287 36.224554481154 37.1189879251331 5.36660066387466 28.6218702073315 9.23502530908432 0.213277654716819 0.388018644499798 0.354283461974558 "cc1"
"4" "c57bl6/j" "male" 30 "c12" 2 0.753848970277788 2 41353 10.9323024532644 8.19922684024115 0 0 7.0279087202067 15.6175749298883 0 24.9881198901639 5.46615122721787 5.85659060017225 12.8844993203789 19.1315292899916 22.645483650095 36.3108617210679 278.773712568199 226.064397166649 115.960493883411 145.243446884272 137.044220044031 125.331038843686 36.3108617210679 113.617857643342 13.3413133871924 0.516317027311185 0.902102363325732 1.0980727153748 "cc1"
"5" "c57bl6/j" "female" 30 "c13" 12 0.573100645280802 3 41346 1.09054102933268 7.27027352924808 1.09054102933268 0 4.36216411733074 9.0878419107422 0 22.9013616159864 13.8135197085158 3.63513676407877 13.0864923519922 9.45135558791345 13.4500060248013 40.3500180853093 NA NA NA NA NA NA NA NA NA NA NA NA NA
"6" "c57bl6/j" "female" 30 "c13" 13 0.375268515745143 3 41347 0.396483917034059 1.58593566813624 0 0.792967834068119 1.45377436259038 4.097000474697 0 7.00454920225666 4.88996830876512 1.85025827962444 6.21158136818854 1.9824195851703 6.34374267254495 13.7447757918357 NA NA NA NA NA NA NA NA NA NA NA NA NA
"7" "balb/cj" "male" 30 "b10" 7 0.397549846011209 4 21555 0.910497114024727 10.3189672892452 0 0 3.33848941839416 10.3189672892452 0 11.8364624823214 2.1244932657542 6.98047787449307 13.6574567103709 11.22946440327 13.6574567103709 20.9414336225687 115.63313348114 23.6729249646429 83.7657344902749 67.3767864378298 63.7347979817309 57.3613181835578 41.8828672451374 81.9447402622254 NA NA NA NA NA
"8" "balb/cj" "male" 30 "b10" 5 0.538713504737754 4 21556 1.63551484994374 13.0841187995499 0.545171616102743 0 3.81620131599023 25.6230659879037 1.090343233841 13.0841187995499 7.08723101587772 10.9034323335035 37.0716699375099 15.2648052655964 29.4392672989874 32.1651253876787 145.560821644993 175.000088943981 47.4299306483686 3.27102969988749 19.6261781993249 8.17757424971872 194.626267143306 148.831851344881 NA NA NA NA NA
"9" "c57bl6/j" "male" 30 "c15" 11 0.26410252435951 5 41360 2.43559168988494 7.30677506965482 1.21779584494247 2.02965974197671 0 13.3957542943672 0.405931947908225 7.30677506965482 2.02965974197671 12.9898223501123 36.5338753482741 10.9601626044822 15.4254140399973 22.7321891096521 266.697290042401 200.936314415507 265.479494197458 119.343992804362 108.38383019988 109.601626044822 23.1381210539069 233.816802228954 NA NA NA NA NA
"10" "c57bl6/j" "male" 30 "c15" 10 0.296430183961095 5 41361 2.05695254866718 6.17085764600154 0 1.37130169876863 5.82803222156651 6.8565084959001 0 5.82803222156651 3.08542882300077 9.94193731890087 26.7403831326734 8.22781019466872 14.0558424193207 18.8553983593542 142.958202132369 1.02847627433359 14.3986678406703 54.5092425396803 49.3668611680123 47.3099086193452 26.7403831326734 152.214488601371 NA NA NA NA NA
"11" "balb/cj" "female" 30 "b15" 10 0.215254123617068 6 21565 2.58436200955228 5.16872401910456 0 0 9.04526703343298 12.9218100477614 0 27.1358011002989 3.87654301432842 6.4609050238807 26.2743470928076 7.75308602865684 21.9670770811944 37.4732491385081 244.222209902691 130.51028148239 139.555548515823 71.0699552626877 40.0576111480604 41.3497921528365 81.4074033008968 151.185177558808 23.5693815271168 0.594403262197025 1.06217278592599 1.24973710358384 "cc1"
"12" "balb/cj" "female" 30 "b15" 6 0.405731060865182 6 21566 1.96526073245921 8.84367329606645 1.31017382131193 0 3.27543455377114 7.20595601868957 0 28.1687371685241 0.982630366229606 2.94789109868882 13.7568251272145 12.1191078468897 10.4813905763912 32.0992586334426 NA NA NA NA NA NA NA NA NA NA NA NA NA
"13" "balb/cj" "male" 30 "b11" 5 0.293941616011459 7 21557 1.1773181405931 0.168188305654853 0 0 1.34550644675252 2.18644797553135 0 7.73666206617803 0.840941529283397 2.18644797553135 16.146077359012 1.34550644675252 3.53195442228388 10.7640515709928 134.718832964256 121.09558019259 100.66070103509 0 2.52282458734562 2.52282458734562 20.182596698765 26.7419406258636 NA NA NA NA NA
"14" "balb/cj" "male" 30 "b11" 4 0.447899716430699 7 21558 2.16838734926602 1.85861772820782 0.3097696210582 0.92930886410391 2.47815697125353 1.23907848516211 0 38.4114330465306 3.40746583535744 2.78792659231173 7.43447091283128 4.33677469946135 4.64654432051955 44.6068254769877 NA NA NA NA NA NA NA NA NA NA NA NA NA
"15" "c57bl6/j" "female" 30 "c17" 7 0.253627020492444 8 41366 2.54561910532281 2.77703902373606 0 2.3141991862153 1.61993943028128 7.40543739894369 0 9.71963658307621 3.23987886125682 7.63685731527416 15.2737146305483 5.32265812905887 11.3395760112747 20.59637276169 94.419326807026 0.694259755934015 23.9519615797235 45.821143891645 38.1842865763708 39.9199359662058 16.6622341424164 118.024158508782 10.3236425707388 0.290825411760759 0.493639514261763 0.592683391391275 "cc1"
"16" "c57bl6/j" "female" 30 "c17" 6 0.221545637426097 8 41367 0.402683438617843 0.732151706547944 0.0732151706877412 0 0.292860682641142 1.1348351447265 0 1.42769582769711 1.3544806566799 0.512506194594543 1.9035944365634 1.20805031574371 1.42769582769711 3.29468267930102 12.3001486693905 3.62415094723112 2.91030303338256 3.84379645918452 2.52592338746411 2.96521441137091 1.64734133965051 9.11528874606614 1.60341223725983 0.0460157347542375 0.0781169263262271 0.0942852471646048 "cc1"
"17" "c57bl6/j" "male" 30 "c17" 7 0.338763824183635 9 41368 1.97404268331758 5.52731951257856 0 1.97404268331758 0.394808536189745 14.2131073170439 0 22.5040865853196 9.87021341421904 1.57923414594341 20.1352353658122 7.50136219471171 16.5819585365513 33.9535341502197 290.184274389647 258.204782926298 275.378954267726 132.65566829241 121.995837804627 126.733540243642 29.6106402438415 100.676176829061 20.4787187926408 0.499590722194094 0.851436193827517 1.00671069112062 "cc1"
"18" "c57bl6/j" "male" 30 "c17" 5 0.105045353652495 9 41369 1.11584818558867 4.68656237853509 0.669508911219298 0 2.90120528172712 4.24022310416572 0 9.37312475707017 1.78535709680796 2.45486600802726 15.3987049580439 6.47191947534305 7.14142838857087 13.6133478592274 137.918835711175 103.104372327772 101.095845594114 50.2131683414473 40.1705346731579 42.1790614068158 17.4072316917017 87.0361584585087 11.9842095108254 0.29384746113415 0.512194402350099 0.584594006048847 "cc1"
"19" "balb/cj" "male" 30 "b27" 15 0.305354253867707 10 21114 2.55152572876011 4.25254288084159 0 0 2.55152572876011 3.82728859314016 0 29.3425458807412 2.97678001646154 5.52830574522164 32.7445801900072 6.80406860960169 6.37881432190026 37.8476316475274 190.088666792628 53.5820403039622 120.559590683915 102.061029150404 88.0276376422236 80.3730604559433 47.203225982062 90.5791633709837 26.7655048946935 0.601649766841633 1.08863396743279 1.20202660556397 "cc1"
"20" "balb/cj" "male" 30 "b27" 4 0.164082081020361 10 21115 2.69091899909903 4.03637849864855 0 1.34545949954952 0.896973000148163 4.93335149879671 0 26.4607034956253 2.69091899909903 17.9394599895087 31.8425414938234 6.72729749774758 7.17578399714893 47.091082484233 226.037195924319 115.709516961258 178.273383690311 115.709516961258 94.1821649684661 101.582192215988 32.2910279891884 122.436814459006 26.2902786211975 0.622813202341471 1.11650265651117 1.02362342914023 "cc1"
"21" "c57bl6/j" "female" 30 "c19" 6 0.166200034863832 11 41374 1.88823173006871 6.92351634358525 0 0 0 16.3646749939288 0 16.9940855706184 10.0705692270331 4.40587403682698 29.5822971044097 8.81174807365396 16.3646749939288 31.4705288344784 275.681832590031 213.999596074453 179.382014356527 130.91739995143 124.623294184535 120.846830724397 30.2117076810993 176.234961473079 21.9160762803308 0.541041331722353 0.932106711231116 1.15490258824371 "cc1"
"22" "c57bl6/j" "female" 30 "c19" 9 0.420069821767116 11 41375 1.30906051488138 3.05447453472323 0 0.436353504960462 0.872707009920923 11.7815446339325 0 17.017786693458 9.16342360416969 0.872707009920923 19.1995542182603 4.36353504960462 13.0906051488138 27.0539173075486 201.595319291733 167.559745904817 144.433010141913 59.3440766746228 54.9805416250182 50.1806530704531 27.9266243174695 116.942739329404 13.9807662989332 0.369067794495558 0.62994610097122 0.849941160324296 "cc1"
"23" "c57bl6/j" "male" 30 "c19" 9 0.680604411702293 12 41376 1.35640351231457 2.03460526847185 0.678201756157284 0 1.35640351231457 3.39100878078642 0 10.8512280985165 6.10381580541556 3.39100878078642 15.5986403916175 4.06921053694371 4.74741229310099 20.3460526847185 130.892938938356 78.671403714245 113.598794156345 50.8651317117963 40.0139036132798 48.1523246871672 14.9204386354603 72.5675879088294 13.0621658235893 0.303224005177922 0.53386007639433 0.617745415860306 "cc1"
"24" "c57bl6/j" "male" 30 "c19" 13 0.534661846190952 12 41377 0.734061340003199 1.2846073450056 0 0 0.3670306700016 2.3856993550104 0.550546005002399 3.670306700016 2.2021840200096 4.58788337501999 9.35928208504079 2.0186686850088 2.752730025012 11.010920100048 89.1884528103887 80.7467474003519 116.532237725508 31.9316682901392 30.4635456101328 34.3173676451496 2.9362453600128 31.9316682901392 7.97557645913476 0.155731113281679 0.266321124459861 0.349018291192135 "cc1"
"25" "balb/cj" "female" 30 "b39" 11 0.237866213857739 13 21157 3.90661882855707 2.9299641214178 0.488327353569634 0 2.44163676784817 4.3949461821267 0 17.0914573749372 0 4.3949461821267 26.3696770927602 7.32491030354451 6.83658294997487 21.4864035570639 58.5992824283561 146.49820607089 122.570165745978 22.4630582642032 9.76654707139268 9.27821971782304 27.3463317998995 83.992304813977 16.9351926217949 0.446428866633359 0.795162962911578 1.06122046257778 "cc1"
"26" "balb/cj" "female" 30 "b39" 5 0.428208372054466 13 21158 4.03227080938417 2.01613540469209 1.00806770234604 0 1.51210155351907 5.54437236290324 0 10.0806770234604 0.504033851173022 8.06454161876835 30.7460649215543 7.05647391642231 7.05647391642231 18.6492524934018 215.726488302053 153.226290756599 113.911650365103 76.6131453782993 61.4921298431087 60.4840621407626 20.1613540469209 146.169816840176 15.8669856349267 0.426211024551907 0.727381331304811 1.17633045796737 "cc1"
"27" "balb/cj" "male" 30 "b36" 3 0.536421576384681 14 21147 1.95163340851733 0.887106094780606 0.354842437912242 0 0.177421218956121 3.3710031601663 0 8.33879729093769 0.354842437912242 0.532263656868363 7.27426997720097 3.19358194121018 3.54842437912242 9.2259033857183 6.7420063203326 4.61295169285915 0.887106094780606 4.25810925494691 0.354842437912242 0.354842437912242 5.32263656868363 22.3550735884713 7.40201325484937 0.1597145813043 0.282195545598469 0.36052245120353 "cc1"
"28" "balb/cj" "male" 30 "b36" 3 1.02369992020193 14 21148 2.77678458238149 1.51460977220808 0.504869924069361 0 0.504869924069361 4.29139435458957 0 7.06817893697106 1.00973984813872 3.53408946848553 12.621748101734 4.79626427865893 4.79626427865893 11.6120082535953 4.54382931662425 18.6801871905664 14.3887928359768 0 0 0.252434962034681 18.175317266497 19.6899270387051 9.82981742163047 0.209722966458413 0.354206641328583 0.518844914913303 "cc1"
"29" "c57bl6/j" "female" 30 "c25" 14 0.5226138884891 15 41401 0.189387710286104 1.13632626171662 0 0.568163130858311 2.08326481314714 3.40897878514987 0 6.81795757029974 1.51510168228883 0.946938551430519 9.27999780401909 1.32571397200273 6.06040672915532 9.27999780401909 83.7093679464579 65.9069231795641 72.5354930395778 39.7714191600818 35.6048895337875 37.1199912160764 10.6057117760218 28.0293811223434 6.46190867496186 0.151926821191513 0.251116740576757 0.382030103674686 "cc1"
"30" "c57bl6/j" "female" 30 "c25" 15 0.678980781035853 15 41402 0.720149166266328 9.36193916146226 0 0 2.88059666506531 15.1231324915929 0 18.0037291566582 8.64178999519594 7.92164082892961 33.8470108145174 10.0820883277286 18.0037291566582 35.2873091470501 308.223843161988 201.641766554572 216.764899046165 151.231324915929 141.1492365882 142.589534920733 31.6865633157184 112.343269937547 21.4028332214353 0.581160377176927 0.964207718713986 1.51606576354681 "cc1"
"31" "c57bl6/j" "male" 30 "c37" 8 0.769605294640038 16 41446 3.68955525694937 3.68955525694937 0.614925876158228 0.614925876158228 6.14925876158228 20.2925539132215 0 19.0627021609051 3.68955525694937 9.83881401853165 30.7462938079114 7.99403639005697 27.056738550962 32.5910714363861 NA NA NA NA NA NA NA NA NA NA NA NA NA
"32" "c57bl6/j" "male" 30 "c37" 4 0.475344404984059 16 41447 3.77270660420823 6.28784434034706 0.628784434034706 2.51513773613882 3.77270660420823 18.8635330210412 0 25.1513773613882 9.43176651052059 3.77270660420823 25.1513773613882 10.68933537859 25.1513773613882 38.3558504761171 NA NA NA NA NA NA NA NA NA NA NA NA NA
"33" "balb/cj" "female" 30 "b53" 11 0.329849407000711 17 21203 5.3195867740962 4.1374563798526 1.1821303942436 1.1821303942436 2.3642607884872 3.5463911827308 0 25.4158034762374 5.910651971218 5.3195867740962 29.55325985609 10.6391735481924 7.0927823654616 36.6460422215516 173.773167953809 17.731955913654 25.4158034762374 59.10651971218 56.7422589236928 56.7422589236928 34.2817814330644 183.230211107758 18.110237639812 0.502641843632379 0.860638212225111 1.13118900284141 "cc1"
"34" "balb/cj" "female" 30 "b53" 8 0.317926611341901 17 21204 5.85640096173092 3.90426730782061 0.650711217970102 0 3.90426730782061 5.20568974376082 0 23.4256038469237 1.95213365391031 11.0620907054917 35.1384057703855 10.4113794875216 9.10995705158143 36.4398282063257 227.748926289536 149.663580133124 188.70625321133 123.635131414319 96.3052602595752 92.4009929517545 31.2341384625649 170.486339108167 21.2001714814659 0.558310225018348 0.960840184454653 1.31499544554381 "cc1"
"35" "balb/cj" "male" 30 "b37" 9 0.144338846833692 18 21151 4.33742893911693 4.87960755650655 0 0 2.16871446955847 12.4701081999612 0 11.9279295825716 0.542178617389616 3.2530717043377 34.6994315129355 9.21703649562348 14.6388226695196 15.7231799042989 195.184302260262 79.158078138884 111.146616564871 104.098294538806 88.9172932518971 89.4594718692867 14.09664405213 110.604437947482 20.2883238627194 0.498479020828013 0.890463317628358 1.14308736504913 "cc1"
"36" "balb/cj" "male" 30 "b37" 12 0.243178817195272 18 21152 4.24405698581607 8.48811397163214 0 0 3.71354986258906 6.89659260195111 0 16.9762279432643 1.06101424645402 5.30507123227009 22.2812991755344 12.7321709574482 10.6101424645402 23.3423134219884 188.860535868815 74.2709972517812 94.9607750576346 37.1354986258906 20.1592706826263 13.7931852039022 56.2337550620629 47.7456410904308 20.7534386606406 0.506103795558566 0.920854264497442 1.06684153192216 "cc1"
"37" "c57bl6/j" "female" 30 "c26" 8 0.300784343280168 19 41404 2.87191527266659 5.02585172716653 0 0.717978818166647 2.15393645449994 41.6427714536655 47.3866019989987 0.717978818166647 4.30787290899988 0.717978818166647 4.30787290899988 7.89776699983311 44.5146867263321 53.1304325443319 86.1574581799976 86.1574581799976 94.0552251798307 41.6427714536655 41.6427714536655 43.7967079081655 8.61574581799976 124.928314360997 19.0838769868695 0.656089044040682 1.16833821164986 1.26129943240104 "cc1"
"38" "c57bl6/j" "female" 30 "c26" 8 0.204347924927932 19 41405 2.06316688240793 2.57895860300991 1.03158344120396 1.54737516180595 4.12633376481585 26.3053777507011 0 3.61054204421387 14.9579598974575 4.12633376481585 24.2422108682931 5.6737089266218 31.9790866773229 22.6948357064872 16.5053350592634 19.6000853828753 11.3474178532436 7.22108408842775 5.15791720601982 6.18950064722378 20.6316688240793 98.0004269143765 16.2680708677865 0.471639949318452 0.840162817854156 0.9178750230827 "cc1"
"39" "balb/cj" "female" 30 "b57" 11 0.27533895044443 20 21215 9.16860248931016 2.61960071123148 0.654900177807869 0 2.61960071123148 8.5137023115023 0 22.9215062232754 6.54900177807869 12.4431033783495 24.886206756699 12.4431033783495 11.1333030227338 41.9136113797036 314.352085347777 260.650270767532 184.681850141819 137.529037339652 132.28983591719 131.634935739382 14.4078039117731 149.317240540194 19.3850452631129 0.499426875596281 0.798336414751348 1.33664061553877 "cc1"
"40" "balb/cj" "female" 30 "b57" 9 0.542785391696408 20 21216 6.31829585875539 2.70784108232374 2.25653423526978 0.902613694107913 0 4.06176162348561 0 18.5035807292122 3.61045477643165 2.70784108232374 19.4061944233201 11.2826711763489 4.96437531759352 24.8218765879676 157.957396468885 62.280344893446 55.0594353405827 92.969210493115 77.6247776932805 86.1996077873057 11.7339780234029 64.9881859757697 13.5843360963241 0.353373261243248 0.575010053831446 0.746687727239897 "cc1"
"41" "balb/cj" "male" 30 "b43" 7 0.533465999883912 21 21169 8.28885161171815 6.0282557176132 0 0 3.0141278588066 10.5494475058231 0 27.880682693961 0 13.5635753646297 36.1695343056792 14.3171073293313 13.5635753646297 41.4442580585907 348.131767692162 283.32801872782 207.221290292954 189.890055104816 188.382991175412 183.861799387203 36.1695343056792 180.847671528396 31.1359407814722 0.706812982890147 1.27542820345401 1.77423848340381 "cc1"
"42" "balb/cj" "male" 30 "b43" 5 0.477984293462385 21 21170 7.05353388846705 5.12984282797604 1.28246070699401 1.28246070699401 1.28246070699401 7.69476424196406 0 21.1606016654012 3.84738212098203 6.41230353497005 32.7027480283472 13.4658374234371 10.2596856559521 31.4202873213532 285.988737659664 220.58324160297 243.667534328862 197.498948877077 171.849734737197 169.926043676706 43.6036640377963 100.031935145533 28.1756617326584 0.575183627086813 1.01436229619691 0.962041451767715 "cc1"
"43" "c57bl6/j" "female" 30 "c48" 9 0.0196248896522889 22 41489 4.39847081898189 3.45594135777148 0.314176487070135 0.628352974140269 1.25670594828054 10.6820005603846 0 12.2528829957353 1.57088243535067 0.314176487070135 11.624530021595 8.1685886638235 12.5670594828054 14.1379419181561 125.670594828054 79.1724747416739 68.1762976942192 64.7203563364478 52.1532968536424 53.724179288993 15.0804713793665 48.3831790088007 9.5698157961563 0.277480673380343 0.485289568988013 0.552428616780288 "cc1"
"44" "c57bl6/j" "female" 30 "c48" 4 0.928293603337312 22 41490 2.15780150473989 2.62018754146987 0 0.154128678909992 0 5.24037508293974 0 2.31193018364988 0.462386036729977 1.38715811018993 8.16881998222959 4.77798904620976 5.39450376184973 4.16147433056979 64.4257877843768 46.2386036729977 43.3101587737078 30.5174784241785 30.5174784241785 32.0587652132784 12.6385516706194 20.961500331759 4.94136544585435 0.136712138193163 0.239654682837147 0.295655330330664 "cc1"
"45" "balb/cj" "female" 30 "b27" 8 0.562952772399787 23 21112 4.8261837003119 4.02181975025991 0 0 5.63054765036388 15.2829150509877 0 24.9352824516115 7.23927555046784 19.3047348012476 32.9789219521313 8.84800345057181 20.9134627013515 51.4792928033269 353.920138022872 276.701198817882 448.030720178954 162.4815179105 143.176783109253 150.416058659721 38.6094696024952 133.524415708629 28.9571022018714 0.68982252356458 1.1868550955807 2.02064969780541 "cc1"
"46" "balb/cj" "female" 30 "b27" 6 0.668147924798703 23 21113 5.37544981878071 8.06317472817107 0 2.68772490939036 4.47954151565059 12.5427162438217 0 42.1076902471156 7.16726642504095 12.5427162438217 33.1486072158144 13.4386245469518 19.7099826688626 61.8176729159782 363.738771070828 223.97707578253 215.913901054359 100.341729950573 77.0481140691902 84.2153804942311 48.3790483690264 139.761695288298 30.460882306424 0.829252725377238 1.48641938388924 1.89068518522889 "cc1"
"47" "c57bl6/j" "male" 30 "c25" 8 0.643269807896752 24 41009 3.05327865727423 6.86987697886702 0 0 1.52663932863712 6.86987697886702 0 32.822745565698 7.63319664318558 0.763319664318558 41.2192618732021 9.92315563614126 8.39651630750414 41.2192618732021 329.754094985617 245.788931910576 168.693645814401 128.237703605518 112.971310319147 87.0184417323156 21.3729506009196 206.096309366011 29.2351431434008 0.658134214575461 1.13577386132616 1.37621961817871 "cc1"
"48" "c57bl6/j" "male" 30 "c25" 8 0.37398265935262 24 41403 2.75581226985629 0.688953067464072 0 0.688953067464072 0.688953067464072 11.7122021468892 0 13.7790613492814 13.0901082818174 1.37790613492814 46.1598555200928 3.44476533732036 13.0901082818174 28.247075766027 322.430035573186 253.534728826779 273.514367783237 161.215017786593 154.325487111952 157.770252449273 22.0464981588503 140.546425762671 27.3238786556251 0.578169414215849 0.982336841712973 1.45279429855398 "cc1"
"49" "balb/cj" "female" 30 "b36" 5 0.468161166683344 25 21145 3.4120141103345 8.10353351204445 0.853003527583626 0 2.13250881895907 9.38303880341989 0 14.5010599689216 1.27950529137544 3.4120141103345 18.339575843048 12.3685511499626 11.515547622379 19.1925793706316 34.9731446309287 23.0310952447579 27.7226146464678 24.7371022999252 22.1780917171743 22.1780917171743 34.120141103345 87.0063598135299 14.5181200394733 0.35425236500548 0.598219903929673 0.919117555193221 "cc1"
"50" "balb/cj" "female" 30 "b36" 8 0.582589259879109 25 21146 4.38891376428931 11.5208986312594 0.548614220536164 0 1.64584266160849 12.6181270723318 0 23.0417972625189 3.29168532321698 4.93752798482547 17.5556550571572 16.4584266160849 14.2639697339403 31.2710105705613 14.2639697339403 31.8196247910975 19.7501119393019 0 0 0 26.3334825857359 43.8891376428931 18.7077449202832 0.450631720748405 0.755869700770316 1.32994490868321 "cc1"
"51" "c57bl6/j" "male" 30 "c26" 8 0.965032750437741 26 41406 1.63541107514638 13.9009941387442 0.817705537573188 1.63541107514638 0.817705537573188 23.7134605896225 0 22.8957550520493 13.083288601171 3.27082215029275 31.8905159653543 16.3541107514638 26.166577202342 39.249865803513 98.1246645087826 98.1246645087826 93.2184312833435 19.6249329017565 19.6249329017565 20.4426384393297 55.6039765549768 103.030897734222 29.584586349398 0.755886998932655 1.35402224555669 1.59141506650757 "cc1"
"52" "c57bl6/j" "male" 30 "c26" 10 0.586244007421236 26 41407 1.29706486273916 5.18825945095662 0 0 1.94559729410873 25.2927648234135 0 12.322116196022 10.3765189019132 0.648532431369578 27.2383621175223 6.48532431369578 27.2383621175223 23.3471675293048 63.5561782742187 53.1796593723054 29.8324918430006 37.6148810194355 37.6148810194355 35.6692837253268 10.3765189019132 73.9326971761319 24.5664085002796 0.615068157910908 1.11591678400901 1.25835925912361 "cc1"
"53" "balb/cj" "female" 30 "b37" 14 0.23727379866523 27 21149 1.81401338067765 1.45121070454212 0 0 3.6280267613553 3.99082943749083 0 11.9724883124725 0 3.26522408521977 21.0425552158607 3.26522408521977 7.61885619884612 15.2377123976922 26.1217926817581 157.45636144282 131.334568761062 16.6889231022344 12.335290988608 9.43286957952377 23.2193712726739 126.980936647435 12.5819968083802 0.335447354354911 0.600953608804414 0.371471811978337 "cc0"
"54" "balb/cj" "female" 30 "b37" 10 0.294694312533187 27 21150 2.27347040204385 3.18285856286139 0.45469408040877 0 1.81877632163508 5.91102304531401 0 16.8236809751245 0 4.09224672367893 29.1004211461613 5.91102304531401 7.72979936694909 20.9159276988034 177.33069135942 100.942085850747 132.770671479361 115.492296423828 115.492296423828 115.492296423828 34.5567501110665 102.760862172382 15.2595333385183 0.413862551988063 0.735485862824402 0.932134952425412 "cc1"
"55" "balb/cj" "male" 30 "b24" 5 0.758656374220433 28 21092 3.24948420166767 6.49896840333535 1.08316140055589 0.541580700277946 1.62474210083384 5.41580700277946 0 9.74845260500302 2.16632280111178 4.87422630250151 32.4948420166767 10.8316140055589 7.58212980389124 16.7890017086163 15.1642596077825 29.2453578150091 15.7058403080604 2.16632280111178 1.08316140055589 2.16632280111178 36.8274876189003 43.3264560222357 22.6055784296015 0.460776859796476 0.789169733217012 1.16803069996743 "cc1"
"56" "balb/cj" "male" 30 "b24" 12 0.617465839239365 28 21093 4.13785032990952 4.8274920515611 2.75856688660634 1.37928344330317 1.37928344330317 9.6549841031222 0 25.5167437011087 1.37928344330317 2.75856688660634 36.5510112475341 11.723909268077 12.4135509897285 29.6545940310182 39.999219855792 9.6549841031222 6.20677549486427 17.9306847629412 12.4135509897285 13.1031927113801 73.1020224950681 162.755446309774 28.5925457796748 0.567299280230595 0.952409010435273 1.50676960095292 "cc1"
"57" "c57bl6/j" "male" 30 "c48" 8 0.448043827571924 29 41491 1.06019663073869 1.90835393532964 0.424078652295476 0.424078652295476 0.424078652295476 2.33243258762512 0 6.78525843672761 0.636117978443214 1.48427528303417 12.2982809165688 3.39262921836381 3.18058989221607 8.90565169820499 102.20295520321 83.9675731545042 74.6378428040037 58.9469326690711 53.8579888415254 53.0098315369345 13.5705168734552 50.8894382754571 NA NA NA NA NA
"58" "c57bl6/j" "male" 30 "c48" 6 0.662885263284062 29 41492 3.65303973783882 2.92243179027106 0 0 3.65303973783882 10.9591192135165 0 39.4528291686593 1.46121589513553 9.49790331838093 34.3385735356849 6.57547152810988 14.6121589513553 50.4119483821757 NA NA NA NA NA NA NA NA NA NA NA NA NA
"59" "balb/cj" "female" 30 "b43" 3 0.608890331485637 30 21167 6.80397167813315 5.7572068045742 1.04676487355895 0 0 2.09352974711789 0 20.4119150343994 2.09352974711789 12.5611784827074 17.7950028505021 13.6079433562663 2.09352974711789 35.0666232642247 215.633563953143 150.734141792488 190.511206987728 120.377960459279 101.536192735218 106.770017103012 48.1511841837115 178.99679337858 18.0566940688918 0.432313892779845 0.727606263610823 0.869919688629729 "cc1"
"60" "balb/cj" "female" 30 "b43" 6 0.488032885327366 30 21168 6.64129355497192 2.04347493999136 0 0 1.53260620499352 5.1086873499784 0 17.8804057249244 4.08694987998272 3.06521240998704 27.0760429548855 8.68476849496328 6.64129355497192 25.0325680148942 229.890930749028 162.456257729313 170.119288754281 68.4564104897106 56.1955608497624 57.2172983197581 25.543436749892 22.478224339905 18.7590999491207 0.458351429040062 0.808419121009982 0.826890826643543 "cc1"
"61" "balb/cj" "male" 30 "b39" 14 0.392130778222672 31 21159 0.401862196030774 0.803724392061548 0.267908130687183 0 0.267908130687183 3.34885163358978 0 5.76002480977443 0.803724392061548 0.535816261374365 7.09956546321034 1.4734947187795 3.61675976427697 7.09956546321034 16.074487841231 34.5601488586466 31.8810675517747 2.14326504549746 0.535816261374365 0.669770326717957 4.5544382216821 14.1991309264207 4.8116300271418 0.117772414250085 0.205464103586614 0.237195040780114 "cc1"
"62" "balb/cj" "male" 30 "b39" 18 0.419876228699204 31 21160 0.101008415230873 0.202016830461747 0 0 0 0.97641468056511 0 0.97641468056511 0.370364189179869 0.269355773948996 1.98649883287384 0.30302524569262 0.97641468056511 1.61613464369398 9.8988246926256 0.875406265334236 2.39053249379734 6.06050491385241 5.18509864851817 5.18509864851817 0.942745208821485 5.79114913990341 1.30502872478288 0.0313530120876631 0.0563707763720458 0.0743276756030628 "cc1"
"63" "balb/cj" "female" 30 "b52" NA NA 32 21198 6.83971312927052 1.95420375122015 0 0 0 1.95420375122015 0 21.4962412634216 1.95420375122015 28.3359543926921 62.5345200390447 8.79391688049066 1.95420375122015 51.7863994073339 117.252225073209 242.321265151298 246.229672653739 0 9.77101875610074 4.88550937805037 48.8550937805037 246.229672653739 30.2901581439123 0.85261909665735 1.48130598546238 2.28846786988268 "cc1"
"64" "balb/cj" "female" 30 "b52" NA NA 32 21199 0.855392823719045 0.244397949634013 0 0.244397949634013 0 0.244397949634013 0 4.64356104304624 0.733193848902038 3.42157129487618 5.7433518163993 1.09979077335306 0.488795899268026 8.79832618682446 61.5882833077712 54.0119468691168 38.859273991808 4.88795899268026 4.88795899268026 4.76576001786325 9.28712208609248 18.329846222551 4.28918401607692 0.104968919367808 0.180768943446798 0.281631202763652 "cc1"
"65" "balb/cj" "male" 30 "b51" 4 0.483683322800766 33 21196 3.17781684651135 0.794454211627837 0 0 4.76672526976702 6.75286079883662 0 9.53345053953405 1.58890842325567 9.13622343372013 20.6558095023238 3.97227105813919 11.5195860686036 20.2585823965099 NA NA NA NA NA NA NA NA NA NA NA NA NA
"66" "balb/cj" "male" 30 "b51" 9 0.366482384462464 33 21197 4.02320744102365 5.53191023140752 0 2.01160372051182 2.01160372051182 6.03481116153547 0 16.5957306942226 5.53191023140752 2.51450465063978 26.1508483666537 9.55511767243117 10.0580186025591 24.6421455762699 202.166173911438 136.789052994804 263.017186456921 28.1624520871655 24.1392446461419 29.6711548775494 34.197263248701 42.2436781307483 19.8746447586568 0.447581827813881 0.786034153789995 1.18920143203385 "cc1"
"67" "balb/cj" "female" 30 "b54" 3 0.465775537144182 34 21207 3.4953533371823 6.11686834006903 0 0 3.4953533371823 4.36919167147788 0 15.7290900173204 0.873838334295575 4.80611083862567 23.5936350259805 9.61222167725133 7.86454500866018 21.4090391902416 125.832720138563 12.2337366801381 47.6241892191089 31.4581800346407 29.7105033660496 34.953533371823 16.6029283516159 61.1686834006903 NA NA NA NA NA
"68" "balb/cj" "female" 30 "b54" 4 0.229088190474999 34 21208 3.92639452085241 5.88959178127862 0 0 3.92639452085241 5.88959178127862 0 19.1411732891555 1.47239794531965 5.88959178127862 19.1411732891555 9.81598630213103 9.81598630213103 26.5031630157538 208.098909605178 149.202991792392 87.3622780889662 108.957447953654 104.049454802589 93.7426691853514 12.7607821927703 116.810236995359 NA NA NA NA NA
"69" "balb/cj" "male" 30 "b53" 4 0.352915238528895 35 21205 0.338949292479701 0.774741239953602 0.193685309988401 0 0.290527964982601 0.338949292479701 0 1.6947464623985 0.387370619976801 0.484213274971001 1.93685309988401 1.3073758424217 0.629477257462302 2.56633035734631 18.4001044488981 12.4927024942518 13.6063930266851 6.29477257462302 5.52003133466942 5.71371664465782 2.42106637485501 7.06951381457662 1.77222058639386 0.043598563278389 0.0770422057540861 0.0999825284220226 "cc1"
"70" "balb/cj" "male" 30 "b53" 5 0.629577392392155 35 21206 1.16182824190281 0.829877315644866 0 0.331950926257947 1.65975463128973 2.65560741006357 0 5.97511667264304 0.829877315644866 0.99585277877384 7.63487130393277 1.99170555754768 4.64731296761125 7.80084676706174 4.64731296761125 82.9877315644866 76.5146885024567 0 0 2.82158287319255 14.9377916816076 14.9377916816076 5.93528256149208 0.141444289678511 0.242480193103642 0.346127774549109 "cc1"
"71" "balb/cj" "female" 30 "b55" 2 0.842548577495065 36 21209 3.44072063714629 6.88144127429258 0 0 7.86450431347723 4.91531519592327 0 18.1866662249161 0.983063039184654 8.35603583306956 18.6781977445084 10.3221619114389 12.7798195094005 27.5257650971703 248.714948913717 230.036751169209 191.697292641007 154.340897151991 147.459455877698 140.578014603405 31.4580172539089 112.069186467051 NA NA NA NA NA
"72" "balb/cj" "female" 30 "b55" 1 1.65379237888098 36 21210 1.70236246540782 2.43194637915403 0.486389275830806 0 2.91833565498484 3.89111420664645 0 8.75500696495451 0.729583913746209 0.972778551661612 11.9165372578547 4.62069812039266 6.80944986163129 10.4573694303623 94.8459087870072 54.4755988930503 53.5028203413887 37.4519742389721 35.020027859818 33.0744707564948 16.5372353782474 37.9383635148029 NA NA NA NA NA
"73" "balb/cj" "male" 30 "b57" 13 0.466452322654311 37 21217 1.79251813132301 2.68877719698452 2.68877719698452 0.896259065661505 0 12.5476269192611 0 35.8503626264602 3.58503626264602 15.2364041162456 42.1241760860907 7.17007252529204 13.4438859849226 54.6718030053518 215.102175758761 46.6054714143983 28.6802901011682 127.268787323934 116.513678535996 119.20245573298 75.2857615155664 148.77900489981 33.2691365173551 0.767735515645646 1.32002827708758 1.94892725135644 "cc1"
"74" "balb/cj" "male" 30 "b57" 5 0.549068601010697 37 21218 1.57152211755368 3.14304423510736 0 0 1.57152211755368 11.7864158816526 0 7.85761058776841 12.5721769404294 13.3579379992063 48.7171856441641 4.71456635266104 13.3579379992063 33.7877255274041 276.587892689448 139.865468462278 190.939937282772 166.58134446069 158.723733872922 154.794928579038 36.1450087037347 176.010477166012 28.8845765206367 0.674968749489306 1.16237633424858 1.66575182836772 "cc1"
"75" "balb/cj" "female" 30 "b56" 6 0.781980057009949 38 21211 2.56586921773206 3.42115895697607 0 0 8.55289739244019 15.3952153063923 0 19.6716640026124 3.42115895697607 9.40818713168421 56.4491227901052 5.98702817470813 23.9481126988325 32.5010100912727 357.511111004 234.349388552861 162.505050456364 171.057947848804 147.109835149971 147.109835149971 76.9760765319617 159.083891499387 NA NA NA NA NA
"76" "balb/cj" "female" 30 "b56" 3 0.596442842294741 38 21212 0.907244795517243 3.02414931839081 1.20965972735632 0.302414931839081 2.11690452287357 3.02414931839081 0 15.4231615237931 1.81448959103449 4.23380904574713 11.4917674098851 5.14105384126438 5.44346877310346 21.4714601605748 165.723382647816 154.231615237931 164.211307988621 76.8133926871266 76.8133926871266 77.4182225508048 19.9593855013794 75.6037329597703 NA NA NA NA NA
"77" "balb/cj" "female" 30 "b10" 16 0.371810513843514 39 21553 3.66569605496704 9.53080974291432 2.19941763298023 1.46627842198682 2.19941763298023 4.39883526596045 0 24.9267331737759 2.19941763298023 10.2639489539077 33.7244037056968 15.3959234308616 8.0645313209275 37.3900997606639 247.801053315772 90.9092621631827 91.6424013741761 74.7801995213277 48.387187925565 51.3197447695386 24.9267331737759 61.5836937234464 NA NA NA NA NA
"78" "balb/cj" "female" 30 "b10" 10 0.254360097008129 39 21554 1.80154029103083 2.161848349237 0.360308058206166 0 4.32369669847399 2.88246446564933 0 20.5375593177515 1.0809241746185 2.161848349237 12.971090095422 4.32369669847399 7.20616116412332 23.780331841607 106.651185229025 5.76492893129866 16.9344787356898 49.0018959160386 43.2369669847399 41.7957347519153 16.5741706774836 40.3545025190906 NA NA NA NA NA
"79" "balb/cj" "male" 30 "b4t" 2 0 40 21529 2.54550420501799 2.96975490585432 0 0 0.424250700836332 5.93950981170865 0 13.1517717259263 3.39400560669066 0.848501401672664 24.1822899476709 5.51525911087232 6.36376051254498 17.3942787342896 128.972213054245 35.6370588702519 20.7882843409803 30.5460504602159 14.4245238284353 19.9397829393076 37.3340616735972 55.1525911087232 17.7251942809419 0.375970971081157 0.658751033216606 0 "cc0"
"80" "balb/cj" "male" 30 "b4t" 6 0 40 21530 4.25261948689924 2.12630974344962 0 0 0 13.4666283751809 0 12.7578584606977 4.25261948689924 2.83507965793283 50.3226639283077 6.37892923034886 13.4666283751809 19.8455576055298 43.9437346979588 276.420266648451 265.079948016719 19.8455576055298 0 4.25261948689924 63.7892923034886 43.9437346979588 29.4139514510531 0.680702625869672 1.24253036168222 1.7341766602371 "cc1"
"81" "c57bl6/j" "female" 30 "c4t" 7 0.335398932596063 41 41313 0.746800423396831 11.2020063509525 0 1.49360084679366 5.97440338717465 38.0868215932384 0 11.9488067743493 11.9488067743493 3.73400211698416 27.6316156656828 11.9488067743493 45.5548258272067 27.6316156656828 277.809757503621 195.66171092997 179.978902038636 59.7440338717465 52.2760296377782 50.0356283675877 26.8848152422859 89.6160508076198 24.2262057349932 0.651956769625434 1.13297092233533 1.42425849177457 "cc1"
"82" "c57bl6/j" "female" 30 "c4t" 2 0.409140088794412 41 41314 0.297719509939725 0.893158529819174 0.595439019879449 0.297719509939725 0.893158529819174 19.9472071659615 4.46579264909587 5.06123166897532 4.16807313915614 0 7.44298774849311 1.78631705963835 21.1380852057204 13.6950974572273 133.973779472876 97.6519992602296 95.5679626906516 54.1849508090299 41.6807313915614 44.9556460008984 11.908780397589 75.0253165048106 8.7529535922279 0.243772734738646 0.408101995444977 0.60871964950267 "cc1"
"83" "c57bl6/j" "female" 69 "c3r" 8 0.375200698169528 42 21524 0 2.21910298731233 1.3314617923874 0 1.77528238984987 9.76405314417427 0 16.8651827035737 7.54495015686193 3.55056477969973 17.7528238984987 3.55056477969973 11.5393355340241 27.9606976401354 178.415880179912 124.269767289491 128.264152666653 39.943853771622 32.8427242122225 32.3989036147601 15.9775415086488 39.943853771622 18.7114763890176 0.434589129035247 0.867331964385051 0.834843476470334 "cc1"
"84" "c57bl6/j" "female" 69 "c3r" 10 0.370362647413172 42 21526 0 3.7288696717453 0.621478278624217 0 0 16.7799135228539 12.4295655724843 5.59330450761795 16.1584352442296 1.24295655724843 35.4242618815804 4.35034795036952 16.7799135228539 35.4242618815804 NA NA NA NA NA NA NA NA NA NA NA NA NA
"85" "balb/cj" "female" 69 "b3r" 7 0.418850343002097 43 21520 1.20739644573884 2.41479289147767 0 0 1.00616370478236 1.00616370478236 0 11.470266234519 0.603698222869418 3.42095659626004 6.84191319252008 3.62218933721651 2.01232740956473 15.4949210536484 76.0659760815467 46.2835304199887 37.4292898179039 26.5627218062544 20.1232740956473 18.9158776499084 8.8542406020848 48.6983233114664 9.15206505870038 0.19274071928811 0.383783034242547 0.425715216537773 "cc1"
"86" "balb/cj" "female" 69 "b3r" 5 0.336218162658861 43 21521 3.74397136095422 2.49598090730281 1.24799045365141 0 6.86394749508274 3.11997613412852 0 42.4316754241479 1.24799045365141 4.99196181460563 19.3438520315968 7.48794272190844 9.98392362921126 48.6716276924049 162.238758974683 18.7198568047711 10.607918856037 94.847274477507 77.3754081263873 76.1274176727359 22.4638281657253 133.534978540701 27.5930689302326 0.601406599614613 1.19829547378701 1.21482959137532 "cc1"
"87" "c57bl6/j" "male" 69 "c3r" 5 0.631345068929645 44 21527 1.36323327550101 2.72646655100203 0 0 4.08969982650304 13.6323327550101 0 8.17939965300608 1.36323327550101 23.1749656835172 36.8072984385274 4.08969982650304 17.7220325815132 32.7175986120243 NA NA NA NA NA NA NA NA NA NA NA NA NA
"88" "c57bl6/j" "male" 69 "c3r" 12 0.707102133640656 44 21528 0.980199030215411 7.84159224172329 0 0 2.45049757553853 4.41089563596935 0 11.7623883625849 14.7029854532312 1.96039806043082 17.6435825438774 8.8217912719387 6.86139321150788 28.4257718762469 173.495228348128 99.0001020517565 60.2822403582478 83.3169175683099 78.4159224172329 77.9258229021252 42.1485582992627 75.4753253265866 25.9948782813127 0.496470808804106 0.994215876347491 0.979909116748244 "cc1"
"89" "c57bl6/j" "male" 69 "c7t" 3 0.377160369365246 45 41527 0.51703372634252 3.61923608439764 1.03406745268504 0 1.03406745268504 7.23847216879528 0 11.3747419795354 8.78957334782284 0.51703372634252 35.6753271176339 5.1703372634252 8.27253962148032 20.6813490537008 186.132141483307 107.543015079244 83.7594636674883 77.555058951378 64.1121820664725 61.5270134347599 27.9198212224961 82.7253962148032 27.3510841235193 0.503384035967078 1.00403813385907 0.968080368795879 "cc1"
"90" "c57bl6/j" "male" 69 "c7t" 6 0.292090463469722 45 41528 0.511719135627832 3.58203394939483 1.02343827125566 1.02343827125566 1.02343827125566 6.14062962753399 0 19.9570462894855 1.02343827125566 0.511719135627832 27.6328333239029 5.11719135627832 8.18750617004531 21.492203696369 219.015790048712 151.468864145838 177.05482092723 111.554771566867 92.1094444130098 95.1797592267768 5.11719135627832 90.0625678704985 27.5509582622025 0.506397256617303 1.0117301374325 0.902075625664842 "cc1"
"91" "balb/cj" "male" 69 "b7t" 7 0.601470683716196 46 21543 2.6387987876539 1.97909909074042 0 0 3.95819818148085 2.6387987876539 0 35.6237836333276 2.6387987876539 9.23579575678865 28.3670869672794 4.61789787839432 6.59699696913475 47.4983781777702 NA NA NA NA NA NA NA NA NA NA NA NA NA
"92" "balb/cj" "male" 69 "b7t" 4 0.438191013143772 46 21544 2.85338304643906 4.99342033126836 0.713345761609766 0 2.1400372848293 1.42669152321953 0 46.3674745046348 4.28007456965859 2.85338304643906 25.6804474179516 8.56014913931719 3.56672880804883 53.5009321207324 305.31198596898 214.00372848293 98.4417151021477 135.535694705855 105.575172718245 106.288518479855 14.2669152321953 168.349599739905 39.005746244822 0.676822458615346 1.34634025663181 1.41457665944148 "cc1"
"93" "c57bl6/j" "female" 69 "c11" 7 0.521944514972835 47 41342 0.853230087980094 0.853230087980094 0 0 0.853230087980094 3.41292035192038 10.2387610557611 0.853230087980094 17.917831847582 0.853230087980094 18.7710619355621 1.70646017596019 4.26615043990047 29.8630530793033 13.6516814076815 5.97261061586066 2.98630530793033 0.853230087980094 0 0.426615043990047 63.139026510527 86.1762388859895 17.5168137062313 0.39990894223627 0.794476664121785 0.806369049933538 "cc1"
"94" "c57bl6/j" "female" 69 "c11" 6 0.546605489846972 47 41343 0.708258472906412 3.18716312807886 0 0 0.354129236453206 0.708258472906412 0 11.6862648029558 0 6.37432625615771 21.6018834236456 3.89542160098527 1.06238770935962 18.0605910591135 25.4973050246308 10.6238770935962 7.79084320197053 9.91561862068977 9.91561862068977 9.91561862068977 20.539495714286 64.4515210344835 15.7091729290642 0.346338393251236 0.691118617862077 0.751469159438984 "cc1"
"95" "balb/cj" "female" 69 "b14" 9 0.751529275723747 48 21569 4.59365209483908 11.4841302370977 2.29682604741954 4.59365209483908 4.59365209483908 0 0 78.0920856122644 0 20.6714344267759 32.1555646638736 18.3746083793563 9.18730418967817 98.7635200390403 312.368342449058 9.18730418967817 8.0388911659684 114.841302370977 105.653998181299 93.0214549204915 80.388911659684 204.417518220339 51.0354747736622 1.0889252290816 2.16595289923758 0 "cc0"
"96" "balb/cj" "female" 69 "b14" 11 0.587391953185793 48 21570 2.57375431398845 3.86063147098268 0 0 5.1475086279769 3.86063147098268 0 43.7538233378037 7.72126294196535 1.28687715699423 21.8769116689018 6.43438578497113 9.00814009895958 52.7619634367632 193.031573549134 70.7782436346824 48.2578933872835 72.0651207916766 33.4588060818499 37.9628761313297 27.0244202968787 169.867784723238 27.2045830988579 0.618730537082824 1.23251946588279 1.24062037946298 "cc1"
"97" "c57bl6/j" "male" 69 "c11" 11 0.75811575332535 49 41344 2.0532656025697 6.15979680770911 0 0.684421867523235 2.0532656025697 3.42210933761617 0 27.3768747009294 3.42210933761617 6.15979680770911 39.0120464488244 8.21306241027882 6.15979680770911 36.9587808462547 71.1798742224164 65.7044992822305 48.5939525941497 13.6884373504647 9.58190614532528 7.52864054275558 46.54068699158 161.523560735483 37.7800870872826 0.626793546277778 1.24206142830647 1.33156200974202 "cc1"
"98" "c57bl6/j" "male" 69 "c11" 7 0.374688871959918 49 41345 1.74779240777926 2.91298734629876 0 1.1651949385195 1.1651949385195 5.24337722333777 0 15.7301316700133 6.99116963111702 0 40.7818228481826 4.66077975407801 7.57376710037677 22.7213013011303 NA NA NA NA NA NA NA NA NA NA NA NA NA
"99" "balb/cj" "male" 69 "b14" 5 0.25531392177395 50 21571 1.07327223645723 10.7327223645723 0 2.14654447291445 0 6.43963341874336 0 67.6161508968052 4.2930889458289 6.43963341874336 39.7110727489174 11.8059946010295 8.58617789165781 78.3488732613775 444.334705893292 324.128215410082 290.856776079908 248.999158858076 233.973347547675 229.680258601846 49.3705228770324 317.688581991339 65.9203807632028 1.02969738365706 2.05067979675409 2.19221626998439 "cc1"
"100" "balb/cj" "male" 69 "b14" 13 0.399444078113486 50 21572 0.426165558708812 3.40932446967049 0 0 1.70466223483525 2.55699335225287 0 13.637297878682 0.852331117417624 2.55699335225287 28.9792579921992 3.83549002837931 4.26165558708812 17.0466223483525 178.137203540283 127.849667612644 116.769363086214 82.6761183895095 69.0388205108275 71.5958138630804 16.1942912309348 111.655376381709 24.6579392268918 0.405794845002531 0.807515547263805 0.896335208684482 "cc1"
"101" "c57bl6/j" "female" 69 "c16" 7 0.364206800496486 51 41362 3.31966533176879 4.42622044235839 0 1.1065551105896 2.21311022117919 4.42622044235839 0 28.7704328753295 5.53277555294798 1.1065551105896 23.2376573223815 7.74588577412718 7.74588577412718 35.4097635388671 177.048817694335 79.6719679624509 100.143237508358 54.2212004188902 46.4753146447631 46.4753146447631 30.9835430965087 107.335845727191 22.7286419715103 0.495072756477786 0.978504553192168 1.20089118228734 "cc1"
"102" "c57bl6/j" "female" 69 "c16" 4 0.311491178744653 51 41363 4.38585889759125 4.38585889759125 0 0 5.84781186345501 5.84781186345501 0 32.1629652490025 1.46195296586375 10.2336707610463 36.5488241465938 8.77171779518251 11.69562372691 43.8585889759125 219.292944879563 65.7878834638688 23.39124745382 68.7117893955963 55.5542127028226 58.4781186345501 42.3966360100488 77.4835071907788 28.8881906054677 0.631271290659968 1.24260154286555 1.56751667149482 "cc1"
"103" "balb/cj" "female" 69 "b17" 12 0.246772701375255 52 21576 1.08438173638625 2.53022405156791 0 1.08438173638625 1.08438173638625 2.89168463036333 0 24.5793193580883 0.722921157590832 2.89168463036333 12.2896596790441 3.61460578795416 5.06044810313582 28.1939251460425 148.921758463711 113.498621741761 138.077941099849 75.9067215470374 66.5087464983566 67.9545888135382 18.0730289397708 57.8336926072666 16.1500586605792 0.337315012131882 0.669800910931058 0.750344493603994 "cc1"
"104" "balb/cj" "female" 69 "b17" 7 0.4650674642374 52 21577 0.209099143308717 0.487898001053673 0 0.069699714436239 0.139399428872478 0.766696858798629 0 4.80928029610049 0.557597715489912 0.278798857744956 2.09099143308717 0.69699714436239 0.975796002107346 5.64567686933536 20.3523166153818 1.95159200421469 12.8944471707042 2.92738800632204 1.95159200421469 2.09099143308717 2.92738800632204 2.23039086195965 2.61513328564769 0.0628691424214876 0.124372170440025 0.0927558778550041 "cc1"
"105" "c57bl6/j" "male" 69 "c16" 8 0.173764939743602 53 41364 5.98324288800116 1.99441429600039 1.32960953066693 0 3.98882859200078 5.3184381226677 0 16.6201191333366 4.65363335733424 16.6201191333366 32.5754335013397 9.30726671466848 9.30726671466848 37.8938716240074 311.12863017606 247.307372704048 324.42472548273 107.698371984021 101.050324330686 107.033567218687 27.9218001440054 119.664857760023 33.1338695042198 0.608163399327052 1.20499852545282 1.43042910791161 "cc1"
"106" "c57bl6/j" "male" 69 "c16" 0 0.244034626884139 53 41365 7.30861202195263 3.24827200975673 0 1.62413600487836 6.49654401951345 4.06034001219591 0 38.1671961146415 5.68447601707427 1.62413600487836 38.9792641170807 10.5568840317094 12.1810200365877 45.4758081365942 NA NA NA NA NA NA NA NA NA NA NA NA NA
"107" "balb/cj" "male" 69 "b17" 11 0.611849407782246 54 21578 1.55919425287765 3.63811992338119 0.519731417625884 0.519731417625884 2.07892567050354 2.07892567050354 0 10.9143597701436 1.03946283525177 4.15785134100707 9.61503122607886 5.71704559388473 4.67758275863296 16.1116739464024 69.1242785442426 14.5524796935248 14.8123454023377 14.0327482758989 7.27623984676238 7.27623984676238 11.4340911877695 43.1377076629484 13.6013711992694 0.235178466475713 0.465419484483979 0.420582952564957 "cc1"
"108" "balb/cj" "male" 69 "b17" 8 0.365264386094243 54 21579 1.65778219712304 3.31556439424608 0 0 3.86815845995376 2.21037626283072 0 11.0518813141536 1.10518813141536 3.31556439424608 11.0518813141536 4.97334659136912 6.07853472278448 15.472633839815 46.4179015194451 57.4697828335987 89.2439416117903 25.9719210882609 19.3407922997688 19.6170893326226 3.31556439424608 70.732040410583 15.8649756264675 0.272760430833311 0.544813541262516 0.497337648118213 "cc1"
"109" "c57bl6/j" "female" 69 "c28" 5 0.607438894799534 55 41412 0.963131462922948 2.88939438876884 0 0 3.37096012023032 3.85252585169179 0 9.63131462922948 8.18661743484506 15.4101034067672 18.7810635269975 3.85252585169179 7.22348597192211 33.2280354708417 175.289926251977 97.2762777552178 79.9399114226047 61.6404136270687 55.861624849531 54.898493386608 15.4101034067672 78.0136484967588 19.3396797754928 0.453538605890416 0.901471786666621 0.880145349678096 "cc1"
"110" "c57bl6/j" "female" 69 "c28" 9 0.699554371887806 55 41413 0.771050416162779 2.69867645656973 0.771050416162779 0 2.31315124848834 2.31315124848834 0 3.8552520808139 2.31315124848834 20.0473108202323 18.5052099879067 4.24077728889529 4.62630249697668 26.2157141495345 125.681217834533 51.6603778829062 37.0104199758134 35.4683191434879 26.9867645656973 24.6736133172089 5.39735291313946 69.3945374546501 15.4826923565486 0.365323687177925 0.726607070175157 0.704207936843864 "cc1"
"111" "balb/cj" "female" 69 "b26" 8 0.480518987849485 56 21108 1.94157716410671 4.530346716249 0.647192388035571 1.29438477607114 3.23596194017786 7.11911626839128 0 42.7146976103477 3.88315432821343 5.82473149232014 19.4157716410671 7.11911626839128 11.6494629846403 52.4225834308813 232.989259692806 148.854249248181 132.674439547292 68.6023931317706 47.8922367146323 44.6562747744544 14.2382325367826 97.0788582053357 29.4084221123364 0.648227895856428 1.29666289327703 1.4195989137613 "cc1"
"112" "balb/cj" "female" 69 "b26" 9 0.489639715936091 56 21109 2.36304336034043 6.30144896090781 0.787681120113477 1.57536224022695 3.15072448045391 8.66449232124824 0 54.3499972878299 6.30144896090781 4.72608672068086 19.6920280028369 9.45217344136172 13.3905790419291 65.3775329694186 340.278243889022 256.784045156993 265.448537478242 168.563759704284 149.659412821561 140.207239380199 36.2333315252199 151.234775061788 37.6669111638265 0.812571843509063 1.63012183169724 1.60363906612603 "cc1"
"113" "c57bl6/j" "male" 69 "c28" 6 0.222281805157652 57 4281 0 0.898283245836375 0.149713874306062 0 0 0.748569371530312 0 5.23998560071219 0.449141622918187 2.69484973750912 8.68340470975162 1.04799712014244 0.748569371530312 8.3839769611395 NA NA NA NA NA NA NA NA NA NA NA NA NA
"114" "c57bl6/j" "male" 69 "c28" 12 0.693735736873453 57 41414 0 1.06139105323846 0 0 3.18417315971539 2.12278210647692 0 4.77625973957308 2.12278210647692 18.5743434316731 35.5566002834885 1.06139105323846 5.30695526619231 25.4733852777231 196.357344849116 115.691624802992 158.67796245915 80.6657200461231 76.4201558331693 76.4201558331693 13.7980836921 47.7625973957308 30.0161389855837 0.513925547978063 1.02449710022789 0.965094222905732 "cc1"
"115" "balb/cj" "male" 69 "b26" 8 0.785783488158092 58 21110 6.12720983905607 4.59540737929206 0 0.765901229882009 6.89311106893808 4.59540737929206 0 52.0812836319766 2.29770368964603 9.19081475858411 22.9770368964603 10.7226172183481 12.2544196781121 63.5698020802068 314.019504251624 228.238566504839 248.151998481771 151.648443516638 127.139604160414 124.075999240885 18.3816295171682 104.162567263953 48.1292332857855 0.806187634573803 1.62043255008596 1.66570569785866 "cc1"
"116" "balb/cj" "male" 69 "b26" 1 0.700770298524723 58 21111 5.66214872762345 5.66214872762345 1.41553718190586 0.707768590952931 5.66214872762345 2.12330577285879 0 38.2195039114583 5.66214872762345 13.4476032281057 19.8175205466821 12.7398346371528 8.49322309143517 57.3292558671874 298.678345382137 205.25289137635 225.778180513985 130.229420735339 110.411900188657 112.535205961516 52.3748757305169 121.736197643904 43.0747964453954 0.689225053869964 1.37474140032334 1.50272743951329 "cc1"
"117" "c57bl6/j" "female" 69 "c33" 8 0.197632357210099 59 41427 1.12165844250071 1.12165844250071 0.747772295000475 0 1.49554459000095 2.24331688500143 0 15.70321819501 4.86051991750309 4.48663377000285 16.0771043425102 2.9910891800019 3.73886147500238 25.0503718825159 NA NA NA NA NA NA NA NA 15.5387082901099 0.344423919077219 0.682955392469834 0.727314692696425 "cc1"
"118" "c57bl6/j" "female" 69 "c33" 8 0.352277224934539 59 41428 2.20610477908942 0.735368259696472 0 0 2.94147303878589 7.35368259696472 0 15.4427334536259 13.2366286745365 6.61831433726825 47.0635686205742 2.94147303878589 10.2951556357506 35.2976764654307 272.086256087695 133.837023264758 88.2441911635766 110.305238954471 104.422292876899 98.5393467993272 41.1806225430024 182.371328404725 29.0911683535924 0.689775427595291 1.37043228877035 1.48473150835118 "cc1"
"119" "c57bl6/j" "male" 69 "c33" 4 0.698741367675798 60 41429 1.70701663637294 2.98727911365265 0 0.853508318186471 0.853508318186471 3.84078743183912 0 12.8026247727971 3.84078743183912 9.38859150005118 18.7771830001024 4.69429575002559 5.54780406821206 26.0320037046874 203.13497972838 100.713981546004 105.835031455122 83.6438151822742 76.8157486367824 74.255223682223 40.1148909547641 104.128014818749 25.6479249615035 0.411817763524972 0.820648247936292 0.845667108248009 "cc1"
"120" "c57bl6/j" "male" 69 "c33" 3 0.482296840024803 60 41430 1.01579804806022 1.52369707209033 0 0 2.28554560813549 1.26974756007527 0 3.30134365619571 0.50789902403011 9.14218243254198 13.4593241367979 2.53949512015055 3.55529316821077 12.9514251127678 124.435260887377 107.674593094383 103.357451390127 40.1240228983787 39.6161238743486 39.6161238743486 11.1737785286624 38.6003258262884 14.6782817944702 0.25572715859916 0.511809846515142 0.429591414073145 "cc1"
"121" "c57bl6/j" "male" 41 "c1a" 4 0.366004730347116 61 41309 2.93121546429293 0.977071821430975 0 0 0 4.88535910715488 0 7.8165745714478 1.46560773214646 8.30511048216329 36.6401933036616 3.9082872857239 4.88535910715488 17.5872927857576 170.987568750421 117.248618571717 143.141021839638 60.5784529287205 53.7389501787036 55.2045579108501 15.6331491428956 151.446132321801 22.0525110096971 0.480817043326183 0.887835851979684 0.878142766029875 "cc1"
"122" "c57bl6/j" "male" 41 "c1a" 5 0.521833225012739 61 41310 2.91477940878102 3.88637254504137 0 0 0.485796568130171 1.45738970439051 0 10.2017279307336 0.971593136260341 10.6875244988638 31.0909803603309 6.80115195382239 1.94318627252068 21.8608455658577 NA NA NA NA NA NA NA NA NA NA NA NA NA
"123" "c57bl6/j" "female" 41 "c8t" 4 0.471313971248263 62 41329 0 3.79762987528145 0 0 2.17007421444654 7.59525975056291 0 37.4337801992029 5.42518553611636 1.08503710722327 14.6480009475142 3.79762987528145 9.76533396500945 43.9440028425425 0 0 49.3691883786589 52.0817811467171 42.3164471817076 40.1463729672611 30.3810390022516 43.4014842889309 22.0805051319936 0.501395647247874 0.898052662535486 1.15582424127003 "cc1"
"124" "c57bl6/j" "female" 41 "c8t" 8 0.755259164073153 62 41331 0 7.73845423342856 0 0 3.51747919701298 6.33146255462337 0 23.9188585396883 14.0699167880519 3.51747919701298 35.1747919701298 7.73845423342856 9.84894175163635 41.5062545247532 234.967610360467 90.0474674435323 98.4894175163635 95.6754341587531 67.5356005826492 69.646088100857 29.546825254909 194.164851675117 26.4373736447496 0.665788462410617 1.20669234341049 1.3769588828454 "cc1"
"125" "c57bl6/j" "male" 41 "c8t" 8 0.800149575325125 63 41332 0 1.87681059249882 0.31280176541647 0 1.56400882708235 2.50241412333176 0 8.75844943166117 1.87681059249882 5.00482824666353 19.7065112212376 2.18961235791529 4.06642295041411 15.6400882708235 90.7125119707764 18.1425023941553 9.38405296249411 25.0241412333176 22.5217271099859 22.8345288754023 20.0193129866541 67.5651813299576 15.1333494108488 0.305106841987225 0.561034990415673 0.63295859326725 "cc1"
"126" "c57bl6/j" "male" 41 "c8t" 7 0.171783122365072 63 41333 0 2.29304995372631 0 0.286631244215788 2.00641870951052 1.14652497686315 0 16.9112434087315 3.72620617480525 0.573262488431577 10.3187247917684 2.29304995372631 3.43957493058946 21.2107120719683 0 0 6.30588737274734 69.3647611002208 65.3519236811997 65.9251861696313 5.73262488431577 44.1412116092314 14.6583218291954 0.28175851306412 0.519977740131862 0.610940674540832 "cc1"
"127" "c57bl6/j" "female" 41 "c9t" 11 0.222409009927521 64 41334 4.4944858232087 6.42069403315529 0 0 2.56827761326212 2.56827761326212 0 34.6717477790386 6.42069403315529 3.21034701657765 23.7565679226746 10.915179856364 5.13655522652423 44.3027888287715 46.2289970387181 34.6717477790386 35.3138171823541 0 2.56827761326212 1.92620820994659 32.1034701657765 84.7531612376498 23.5767884897462 0.626659737635957 1.15264299283204 1.30950874985658 "cc1"
"128" "c57bl6/j" "female" 41 "c9t" 11 0.462893973011538 64 41335 2.94228135036769 3.78293316475846 0 0 1.26097772158615 2.52195544317231 0 16.8130362878154 3.36260725756307 4.20325907195384 19.3349917309877 6.72521451512615 3.78293316475846 24.3789026173323 31.9447689468492 21.85694717416 23.5382508029415 9.24716995829845 8.40651814390769 8.40651814390769 28.5821616892861 47.9171534202738 15.9135388464172 0.410069955059817 0.754115116617383 0.807796428700972 "cc1"
"129" "c57bl6/j" "female" 41 "c22" 10 0.520029606728402 65 41388 1.31710195086111 1.97565292629166 0 0 2.30492841400694 14.8173969471875 8.56116268059721 8.23188719288193 6.58550975430555 0.658550975430555 10.5368156068889 3.29275487715277 17.1223253611944 24.0371106032152 15.1466724349028 3.29275487715277 3.95130585258333 1.97565292629166 1.31710195086111 1.31710195086111 15.1466724349028 50.0498741327221 12.176607535711 0.290881965847676 0.508789898107892 0.671686364697191 "cc1"
"130" "c57bl6/j" "female" 41 "c22" 7 0.612501557535982 65 41389 0.879943247003032 1.31991487050455 0 0.879943247003032 0.439971623501516 10.1193473405349 2.19985811750758 7.25953178777501 3.73975879976288 0.439971623501516 7.69950341127653 2.19985811750758 11.4392622110394 13.639120328547 13.639120328547 6.15960272902122 5.49964529376895 3.51977298801213 2.63982974100909 2.41984392925834 16.7189216930576 25.9583257865894 7.8666926282071 0.198207216387433 0.350371402375432 0.458378590042093 "cc1"
"131" "c57bl6/j" "male" 41 "c22" 7 0.538711651310402 66 41390 1.40996550076275 3.28991950177975 0 0 2.8199310015255 16.919586009153 9.39977000508501 4.69988500254251 15.039632008136 0 19.7395170106785 4.69988500254251 19.7395170106785 29.1392870157635 27.2593330147465 13.159678007119 23.0294365124583 4.69988500254251 1.879954001017 4.69988500254251 17.8595630096615 69.5582980376291 21.2810792915125 0.428065526031572 0.760986580071673 1.0112897646776 "cc1"
"132" "c57bl6/j" "male" 41 "c22" 10 0.622646573997507 66 41391 1.19767892979543 1.19767892979543 0 0.798452619863619 0.798452619863619 16.767505017136 14.3721471575451 2.39535785959086 11.1783366780907 2.39535785959086 14.3721471575451 2.39535785959086 18.3644102568632 30.3411995548175 24.7520312157722 10.379884058227 9.98065774829524 11.1783366780907 10.379884058227 11.9767892979543 4.79071571918171 46.3102519520899 18.2286733114864 0.360980429440342 0.639297059146204 0.750249817224887 "cc1"
"133" "c57bl6/j" "male" 41 "c23" 7 0.313909651117515 67 41392 3.60354826702085 0 0 0 3.60354826702085 7.80768791187852 0 17.4171499572675 1.20118275567362 4.80473102269447 41.4408050707398 3.60354826702085 11.4112361788994 23.4230637356356 NA NA NA NA NA NA NA NA NA NA NA NA NA
"134" "c57bl6/j" "male" 41 "c23" 8 0.152880794316278 67 41393 2.17291180661416 1.81075983884514 0 0 2.17291180661416 2.89721574215222 0 15.9346865818372 0 5.79443148430444 17.3832944529133 3.9836716454593 5.07012754876638 21.7291180661416 NA NA NA NA NA NA NA NA NA NA NA NA NA
"135" "c57bl6/j" "male" 41 "c23" 7 0.201719231785455 68 41394 3.57897664402149 6.56145718070607 1.19299221467383 0 2.38598442934766 10.7369299320645 0 14.315906576086 4.77196885869532 7.15795328804298 39.3687430842364 11.3334260394014 13.1229143614121 26.2458287228243 293.476084809762 260.072302798895 291.090100380415 113.334260394014 110.948275964666 112.737764286677 34.5967742255411 106.176307105971 NA NA NA NA NA
"136" "c57bl6/j" "male" 41 "c23" 5 0.306565193813175 68 41395 3.17731766103318 4.76597649154977 0 0 1.05910588701106 12.7092706441327 0 12.7092706441327 1.05910588701106 4.23642354804424 36.009600158376 7.94329415258295 13.7683765311438 18.004800079188 NA NA NA NA NA NA NA NA NA NA NA NA NA
"137" "c57bl6/j" "female" 41 "c50" 8 0.676230261348354 69 41497 1.9817988226969 1.18907929361814 0 0 0.39635976453938 5.94539646809069 0 2.17997870496659 2.77451835177566 2.17997870496659 10.5035337602936 3.17087811631504 6.34175623263007 7.13447576170883 NA NA NA NA NA NA NA NA NA NA NA NA NA
"138" "c57bl6/j" "female" 41 "c50" 0 0.529900898331619 69 41498 6.11495957169534 6.11495957169534 0 0 6.11495957169534 11.0069272290516 0 3.6689757430172 9.17243935754301 15.8988948864079 27.517318072629 12.2299191433907 17.121886800747 28.7403099869681 NA NA NA NA NA NA NA NA NA NA NA NA NA
"139" "balb/cj" "female" 41 "b9t" 15 0.0723196896765203 70 21549 7.75696082988433 7.16027153527784 0.596689294606487 0 0 4.7735143568519 0 29.8344647303243 3.58013576763892 4.7735143568519 24.464261078866 15.5139216597687 4.7735143568519 38.1881148548152 NA NA NA NA NA NA NA NA NA NA NA NA NA
"140" "balb/cj" "female" 41 "b9t" 6 0.501888238262058 70 21550 1.42111941900506 0.655901270310027 0 0 1.42111941900506 0.437267513540018 0 4.9192595273252 0 1.09316878385004 4.59130889217019 2.07702068931508 1.85838693254508 6.01242831117524 1.09316878385004 8.74535027080035 8.52671651403035 0 0.655901270310027 0.98385190546504 10.9316878385004 9.61988529788039 4.46887398837898 0.102255008041333 0.184262343868196 0.219120595333855 "cc1"
"141" "balb/cj" "male" 41 "b9t" 11 1.0602694557125 71 21551 0.00472248167435061 0.00550956195340905 0 0 0.00236124083717531 0.00472248167435061 0 0.0456506561853893 0.00393540139529218 0.00157416055811687 0.0322702914413959 0.0102320436277597 0.00708372251152592 0.0511602181387983 0.048798977301623 0.0204640872555193 0.0141674450230518 0.0251865689298699 0.0141674450230518 0.012593284464935 0.0299090506042206 0.107042917951947 0.0361269848087822 0.000730410498966228 0.00131096091279973 0.000969673830338536 "cc0"
"142" "balb/cj" "male" 41 "b9t" 10 0.626476597787118 71 21552 2.59530756540814 1.29765378270407 0 0.865102521802712 2.16275630450678 2.59530756540814 0 22.0601143059692 3.46041008721085 2.16275630450678 18.5997042187583 3.8929613481122 5.62316639171763 27.6832806976868 27.6832806976868 11.2463327834353 3.8929613481122 5.19061513081627 3.46041008721085 3.46041008721085 16.4369479142515 76.9941244404414 17.8903201508801 0.391285870611367 0.693128791493551 0.940457928386536 "cc1"
"143" "balb/cj" "male" 41 "b23" 8 0.28086933999032 72 21598 1.36196652884745 2.17914644615592 0 0 5.44786611538979 2.45153975192541 0 13.347271982705 0.544786611538979 5.99265272692877 7.8994058673152 3.54111297500336 7.8994058673152 19.8847113211727 94.7928704077823 57.7473808231318 58.0197741289013 50.665154873125 42.4933557000404 41.6761757827319 6.53743933846775 68.0983264423724 11.4677581728955 0.239052365143304 0.41663100904055 0.615956408941292 "cc1"
"144" "balb/cj" "male" 41 "b23" 12 0.103275497563054 72 21599 3.35568563306507 6.04023413951712 0.671137126613014 0.671137126613014 10.0670568991952 7.38250839274315 0 35.5702677104897 3.35568563306507 2.68454850645206 22.1475251782295 10.0670568991952 18.1207024185514 41.6105018500069 307.38080398876 242.951639833911 191.274081084709 183.891572691966 169.126555906479 159.059499007284 26.8454850645206 178.522475679062 31.0199579920535 0.623083708347522 1.11857082618338 1.48615416330652 "cc1"
"145" "balb/cj" "male" 41 "b34" 7 0.921459981637426 73 21139 8.09437721008231 3.37265717086763 0 0.674531434173526 1.34906286834705 3.37265717086763 0 30.3539145378087 2.6981257366941 8.09437721008231 31.0284459719822 11.4670343809499 5.39625147338821 41.1464174845851 361.54884871701 333.218528481722 375.714008834654 222.595373277264 215.850058935528 222.595373277264 24.2831316302469 225.293499013958 30.5023114533268 0.649573771109105 1.18724277728882 1.41132573655882 "cc1"
"146" "balb/cj" "male" 41 "b34" 6 0.325124924866378 73 21140 5.4436261110769 1.36090652776923 0 0.453635509256409 1.81454203702563 2.26817754628204 0 13.1554297684359 1.81454203702563 10.4336167128974 23.5890464813333 6.80453263884613 4.53635509256409 25.4035885183589 160.586970276769 60.7871582403588 58.0653451848203 78.9325786106151 68.0453263884613 63.5089712958972 22.6817754628204 92.5416438883074 21.3390143554215 0.429320645960265 0.778111916317333 1.03882764334734 "cc1"
"147" "balb/cj" "female" 41 "b35" 9 0.832628566670875 74 21141 6.12527808408223 4.90022246726578 0.612527808408223 0.612527808408223 9.80044493453157 3.67516685044934 0 41.6518909717592 3.06263904204112 1.83758342522467 18.3758342522467 11.6380283597562 14.0881395933891 46.552113439025 259.711790765087 175.182953204752 201.521648966305 129.855895382543 118.830394831195 120.66797825642 9.80044493453157 52.6773915231072 24.4398595554881 0.586556629331714 1.06917954013272 1.4822617118994 "cc1"
"148" "balb/cj" "female" 41 "b35" 9 0.681415836804594 74 21142 4.67734081149859 5.61280897379831 0 0 6.54827713609803 2.80640448689916 0 28.0640448689916 2.80640448689916 5.61280897379831 13.0965542721961 10.2901497852969 9.35468162299719 36.483258329689 55.1926215756834 105.707902339868 105.707902339868 37.4187264919888 17.7738950836947 14.4997565156456 2.80640448689916 40.2251309788879 17.9609887161546 0.427789590619661 0.762135266507204 1.08085989257917 "cc1"
"149" "balb/cj" "male" 69 "b35" 6 0.276309246623641 75 21143 1.97718102121426 8.30416028909991 0 0 1.97718102121426 2.76805342969997 0 20.5626826206283 1.58174481697141 2.76805342969997 17.3991929866855 10.2813413103142 4.74523445091423 24.9124808672997 164.501460965027 120.212606089827 131.68025601287 88.577709750399 80.668985665542 78.6918046443277 11.8630861272856 95.6955614267704 22.3895978842303 0.382386809502839 0.700277974093668 0.958389625700515 "cc1"
"150" "balb/cj" "male" 69 "b35" 11 0.137125626909975 75 21144 2.55561500996445 5.11123001992891 0 0 5.11123001992891 6.64459902590758 0 33.7341181315308 0 3.06673801195734 18.911551073737 7.66684502989336 11.7558290458365 36.8008561434881 222.8496288689 161.514868629753 166.626098649682 128.802996502208 112.447060438436 114.491552446407 6.13347602391469 85.8686643348056 29.0828988133955 0.478717803666541 0.863194748225634 1.03789104155549 "cc1"
